Latitude: 4.30383054094924
Longitude: 28.56435257899562
Altitude: 30194108.36712069436908
